\\ Input file 'ball15.png'
\\ Image size=16x18 pixels=16x18
.ball15
\\ Data in ROW order
EQUB 16, 6	;pixel width, char height
.ball15_data
EQUB 0,0,0,1,1,3,3,3,3,3,1,1,0,0,0,0
EQUB 0,1,7,15,15,31,31,31,29,24,13,15,7,1,0,0
EQUB 0,15,31,31,31,31,31,31,15,7,15,31,31,15,0,0
EQUB 0,28,31,31,31,31,31,31,31,31,31,31,31,28,0,0
EQUB 0,0,24,28,28,30,30,30,30,30,28,28,24,0,0,0
EQUB 0,0,0,0,0,16,16,16,16,16,0,0,0,0,0,0
.ball15_mask
EQUB 31,31,30,28,28,24,24,24,24,24,28,28,30,31,31,31
EQUB 30,24,16,0,0,0,0,0,0,0,0,0,16,24,30,31
EQUB 16,0,0,0,0,0,0,0,0,0,0,0,0,0,16,31
EQUB 3,0,0,0,0,0,0,0,0,0,0,0,0,0,3,31
EQUB 31,7,3,1,1,0,0,0,0,0,1,1,3,7,31,31
EQUB 31,31,31,15,15,7,7,7,7,7,15,15,31,31,31,31
