\\ Input file 'star.png'
\\ Image size=32x32 pixels=32x32
.starhole
EQUB 16, 11	;char width, char height
.starhole_table
EQUB LO(starhole_char00), HI(starhole_char00)
EQUB LO(starhole_char01), HI(starhole_char01)
EQUB LO(starhole_char02), HI(starhole_char02)
EQUB LO(starhole_char10), HI(starhole_char10)
EQUB LO(starhole_char11), HI(starhole_char11)
EQUB LO(starhole_char12), HI(starhole_char12)
.starhole_masks
EQUB LO(starhole_mask00), HI(starhole_mask00)
EQUB LO(starhole_mask01), HI(starhole_mask01)
EQUB LO(starhole_mask02), HI(starhole_mask02)
EQUB LO(starhole_mask10), HI(starhole_mask10)
EQUB LO(starhole_mask11), HI(starhole_mask11)
EQUB LO(starhole_mask12), HI(starhole_mask12)
.starhole_char00
EQUB 32,32,32,32,32,32,32,32,32,32,32,32,32,32,32,32
EQUB 32,32,32,112,112,112,112,112,112,112,112,112,112,32,32,32
EQUB 32,32,106,127,127,127,127,127,127,127,127,127,127,53,32,32
EQUB 32,32,106,127,127,63,115,124,124,118,59,127,127,53,32,32
EQUB 32,32,106,127,63,122,127,39,35,111,127,58,127,53,32,32
EQUB 32,32,106,127,53,127,53,32,32,32,127,53,127,53,32,32
EQUB 32,32,106,127,125,107,127,116,112,126,127,105,127,53,32,32
EQUB 32,32,106,127,127,125,115,47,47,103,121,127,127,53,32,32
EQUB 32,32,42,127,127,127,127,127,127,127,127,127,127,37,32,32
EQUB 32,32,32,32,32,32,32,32,32,32,32,32,32,32,32,32
EQUB 32,32,32,32,32,32,32,32,32,32,32,32,32,32,32,32
.starhole_char01
EQUB 32,32,32,32,32,32,32,32,32,32,32,32,32,32,32,32
EQUB 32,32,32,32,32,32,32,32,32,32,32,32,32,32,32,32
EQUB 32,32,104,127,127,127,127,127,127,127,127,127,127,52,32,32
EQUB 32,32,106,127,127,127,47,115,115,59,111,127,127,53,32,32
EQUB 32,32,106,127,127,105,127,63,47,127,125,107,127,53,32,32
EQUB 32,32,106,127,53,127,55,32,32,34,127,53,127,53,32,32
EQUB 32,32,106,127,117,111,125,48,32,120,127,101,127,53,32,32
EQUB 32,32,106,127,127,118,47,127,127,63,103,126,127,53,32,32
EQUB 32,32,106,127,127,127,127,124,124,126,127,127,127,53,32,32
EQUB 32,32,32,35,35,35,35,35,35,35,35,35,35,32,32,32
EQUB 32,32,32,32,32,32,32,32,32,32,32,32,32,32,32,32
.starhole_char02
EQUB 32,32,32,32,32,32,32,32,32,32,32,32,32,32,32,32
EQUB 32,32,32,32,32,32,32,32,32,32,32,32,32,32,32,32
EQUB 32,32,96,124,124,124,124,124,124,124,124,124,124,48,32,32
EQUB 32,32,106,127,127,127,127,47,47,111,127,127,127,53,32,32
EQUB 32,32,106,127,127,103,124,127,127,125,118,111,127,53,32,32
EQUB 32,32,106,127,55,126,63,33,32,43,127,54,127,53,32,32
EQUB 32,32,106,127,53,127,117,32,32,96,127,53,127,53,32,32
EQUB 32,32,106,127,127,58,127,125,124,127,63,122,127,53,32,32
EQUB 32,32,106,127,127,127,124,115,115,121,126,127,127,53,32,32
EQUB 32,32,34,47,47,47,47,47,47,47,47,47,47,33,32,32
EQUB 32,32,32,32,32,32,32,32,32,32,32,32,32,32,32,32
.starhole_char10
EQUB 32,32,32,32,32,32,32,32,32,32,32,32,32,32,32,32
EQUB 32,32,32,96,112,112,112,112,112,112,112,112,112,48,32,32
EQUB 32,32,32,127,127,127,127,127,127,127,127,127,127,127,32,32
EQUB 32,32,32,127,127,127,103,121,124,124,115,111,127,127,32,32
EQUB 32,32,32,127,127,101,127,63,35,43,127,117,111,127,32,32
EQUB 32,32,32,127,127,106,127,32,32,32,106,127,106,127,32,32
EQUB 32,32,32,127,127,54,127,125,112,120,127,55,126,127,32,32
EQUB 32,32,32,127,127,127,118,59,47,47,115,126,127,127,32,32
EQUB 32,32,32,111,127,127,127,127,127,127,127,127,127,63,32,32
EQUB 32,32,32,32,32,32,32,32,32,32,32,32,32,32,32,32
EQUB 32,32,32,32,32,32,32,32,32,32,32,32,32,32,32,32
.starhole_char11
EQUB 32,32,32,32,32,32,32,32,32,32,32,32,32,32,32,32
EQUB 32,32,32,32,32,32,32,32,32,32,32,32,32,32,32,32
EQUB 32,32,32,126,127,127,127,127,127,127,127,127,127,125,32,32
EQUB 32,32,32,127,127,127,63,103,115,115,47,127,127,127,32,32
EQUB 32,32,32,127,127,55,126,127,47,111,127,54,127,127,32,32
EQUB 32,32,32,127,127,106,127,33,32,32,107,127,106,127,32,32
EQUB 32,32,32,127,127,58,127,116,32,96,126,63,122,127,32,32
EQUB 32,32,32,127,127,125,59,111,127,127,47,121,127,127,32,32
EQUB 32,32,32,127,127,127,127,125,124,124,127,127,127,127,32,32
EQUB 32,32,32,34,35,35,35,35,35,35,35,35,35,33,32,32
EQUB 32,32,32,32,32,32,32,32,32,32,32,32,32,32,32,32
.starhole_char12
EQUB 32,32,32,32,32,32,32,32,32,32,32,32,32,32,32,32
EQUB 32,32,32,32,32,32,32,32,32,32,32,32,32,32,32,32
EQUB 32,32,32,120,124,124,124,124,124,124,124,124,124,116,32,32
EQUB 32,32,32,127,127,127,127,63,47,47,127,127,127,127,32,32
EQUB 32,32,32,127,127,63,121,126,127,127,124,59,127,127,32,32
EQUB 32,32,32,127,127,105,127,39,32,34,111,125,107,127,32,32
EQUB 32,32,32,127,127,106,127,48,32,32,122,127,106,127,32,32
EQUB 32,32,32,127,127,117,111,127,124,126,127,101,127,127,32,32
EQUB 32,32,32,127,127,127,125,118,115,115,124,127,127,127,32,32
EQUB 32,32,32,43,47,47,47,47,47,47,47,47,47,39,32,32
EQUB 32,32,32,32,32,32,32,32,32,32,32,32,32,32,32,32
.starhole_mask00
EQUB 0,0,0,0,0,0,0,0,0,0,0,0,0,0,0,0
EQUB 0,0,88,92,92,92,92,92,92,92,92,92,92,84,0,0
EQUB 0,0,95,95,95,95,95,95,95,95,95,95,95,95,0,0
EQUB 0,0,95,95,95,95,95,95,95,95,95,95,95,95,0,0
EQUB 0,0,95,95,95,95,95,7,3,79,95,95,95,95,0,0
EQUB 0,0,95,95,95,95,21,0,0,0,95,95,95,95,0,0
EQUB 0,0,95,95,95,95,95,84,80,94,95,95,95,95,0,0
EQUB 0,0,95,95,95,95,95,95,95,95,95,95,95,95,0,0
EQUB 0,0,79,95,95,95,95,95,95,95,95,95,95,95,0,0
EQUB 0,0,0,3,3,3,3,3,3,3,3,3,3,1,0,0
EQUB 0,0,0,0,0,0,0,0,0,0,0,0,0,0,0,0
.starhole_mask01
EQUB 0,0,0,0,0,0,0,0,0,0,0,0,0,0,0,0
EQUB 0,0,64,80,80,80,80,80,80,80,80,80,80,16,0,0
EQUB 0,0,95,95,95,95,95,95,95,95,95,95,95,95,0,0
EQUB 0,0,95,95,95,95,95,95,95,95,95,95,95,95,0,0
EQUB 0,0,95,95,95,95,95,31,15,95,95,95,95,95,0,0
EQUB 0,0,95,95,95,95,23,0,0,2,95,95,95,95,0,0
EQUB 0,0,95,95,95,95,93,16,0,88,95,95,95,95,0,0
EQUB 0,0,95,95,95,95,95,95,95,95,95,95,95,95,0,0
EQUB 0,0,95,95,95,95,95,95,95,95,95,95,95,95,0,0
EQUB 0,0,2,15,15,15,15,15,15,15,15,15,15,7,0,0
EQUB 0,0,0,0,0,0,0,0,0,0,0,0,0,0,0,0
.starhole_mask02
EQUB 0,0,0,0,0,0,0,0,0,0,0,0,0,0,0,0
EQUB 0,0,0,0,0,0,0,0,0,0,0,0,0,0,0,0
EQUB 0,0,94,95,95,95,95,95,95,95,95,95,95,93,0,0
EQUB 0,0,95,95,95,95,95,95,95,95,95,95,95,95,0,0
EQUB 0,0,95,95,95,95,95,95,95,95,95,95,95,95,0,0
EQUB 0,0,95,95,95,95,31,1,0,11,95,95,95,95,0,0
EQUB 0,0,95,95,95,95,85,0,0,64,95,95,95,95,0,0
EQUB 0,0,95,95,95,95,95,93,92,95,95,95,95,95,0,0
EQUB 0,0,95,95,95,95,95,95,95,95,95,95,95,95,0,0
EQUB 0,0,11,95,95,95,95,95,95,95,95,95,95,31,0,0
EQUB 0,0,0,0,0,0,0,0,0,0,0,0,0,0,0,0
.starhole_mask10
EQUB 0,0,0,0,0,0,0,0,0,0,0,0,0,0,0,0
EQUB 0,0,64,92,92,92,92,92,92,92,92,92,92,92,16,0
EQUB 0,0,74,95,95,95,95,95,95,95,95,95,95,95,21,0
EQUB 0,0,74,95,95,95,95,95,95,95,95,95,95,95,21,0
EQUB 0,0,74,95,95,95,95,31,3,11,95,95,95,95,21,0
EQUB 0,0,74,95,95,95,95,0,0,0,74,95,95,95,21,0
EQUB 0,0,74,95,95,95,95,93,80,88,95,95,95,95,21,0
EQUB 0,0,74,95,95,95,95,95,95,95,95,95,95,95,21,0
EQUB 0,0,10,95,95,95,95,95,95,95,95,95,95,95,21,0
EQUB 0,0,0,2,3,3,3,3,3,3,3,3,3,3,0,0
EQUB 0,0,0,0,0,0,0,0,0,0,0,0,0,0,0,0
.starhole_mask11
EQUB 0,0,0,0,0,0,0,0,0,0,0,0,0,0,0,0
EQUB 0,0,0,80,80,80,80,80,80,80,80,80,80,80,0,0
EQUB 0,0,74,95,95,95,95,95,95,95,95,95,95,95,21,0
EQUB 0,0,74,95,95,95,95,95,95,95,95,95,95,95,21,0
EQUB 0,0,74,95,95,95,95,95,15,79,95,95,95,95,21,0
EQUB 0,0,74,95,95,95,95,1,0,0,75,95,95,95,21,0
EQUB 0,0,74,95,95,95,95,84,0,64,94,95,95,95,21,0
EQUB 0,0,74,95,95,95,95,95,95,95,95,95,95,95,21,0
EQUB 0,0,74,95,95,95,95,95,95,95,95,95,95,95,21,0
EQUB 0,0,0,11,15,15,15,15,15,15,15,15,15,15,1,0
EQUB 0,0,0,0,0,0,0,0,0,0,0,0,0,0,0,0
.starhole_mask12
EQUB 0,0,0,0,0,0,0,0,0,0,0,0,0,0,0,0
EQUB 0,0,0,0,0,0,0,0,0,0,0,0,0,0,0,0
EQUB 0,0,72,95,95,95,95,95,95,95,95,95,95,95,20,0
EQUB 0,0,74,95,95,95,95,95,95,95,95,95,95,95,21,0
EQUB 0,0,74,95,95,95,95,95,95,95,95,95,95,95,21,0
EQUB 0,0,74,95,95,95,95,7,0,2,79,95,95,95,21,0
EQUB 0,0,74,95,95,95,95,16,0,0,90,95,95,95,21,0
EQUB 0,0,74,95,95,95,95,95,92,94,95,95,95,95,21,0
EQUB 0,0,74,95,95,95,95,95,95,95,95,95,95,95,21,0
EQUB 0,0,2,79,95,95,95,95,95,95,95,95,95,95,5,0
EQUB 0,0,0,0,0,0,0,0,0,0,0,0,0,0,0,0
