\\ Input file 'star.png'
\\ Image size=32x32 pixels=32x32
.starhalf
EQUB 32, 11	;pixel width, char height
.starhalf_data
EQUB 0,7,4,4,4,4,4,4,4,4,4,4,4,4,4,4,4,4,4,4,4,4,4,4,4,4,4,4,4,4,4,7
EQUB 0,31,0,0,0,0,0,1,1,1,1,1,1,1,1,1,1,1,1,1,1,1,1,1,1,1,1,0,0,0,0,31
EQUB 0,31,0,0,0,0,7,15,15,15,15,15,15,15,15,15,15,15,15,15,15,15,15,15,15,15,15,7,0,0,0,31
EQUB 0,31,0,0,0,0,31,31,31,31,31,31,30,29,29,27,27,27,27,27,29,29,30,31,31,31,31,31,0,0,0,31
EQUB 0,31,0,0,0,0,31,31,31,31,30,25,23,15,15,30,28,28,28,30,15,15,23,25,30,31,31,31,0,0,0,31
EQUB 0,31,0,0,0,0,31,31,31,31,16,15,31,31,24,16,0,0,0,16,24,31,31,15,16,31,31,31,0,0,0,31
EQUB 0,31,0,0,0,0,31,31,31,31,3,28,31,31,7,3,1,1,1,3,7,31,31,28,3,31,31,31,0,0,0,31
EQUB 0,31,0,0,0,0,31,31,31,31,31,7,27,29,29,30,14,14,14,30,29,29,27,7,31,31,31,31,0,0,0,31
EQUB 0,31,0,0,0,0,30,31,31,31,31,31,31,15,15,23,23,23,23,23,15,15,31,31,31,31,31,30,0,0,0,31
EQUB 0,31,0,0,0,0,16,24,24,24,24,24,24,24,24,24,24,24,24,24,24,24,24,24,24,24,24,16,0,0,0,31
EQUB 0,28,4,4,4,4,4,4,4,4,4,4,4,4,4,4,4,4,4,4,4,4,4,4,4,4,4,4,4,4,4,28
